(kicad_pcb (version 20171130) (host pcbnew 5.0.2-bee76a0~70~ubuntu18.04.1)

  (general
    (thickness 1.6)
    (drawings 4)
    (tracks 116)
    (zones 0)
    (modules 17)
    (nets 10)
  )

  (page A4)
  (layers
    (0 F.Cu signal)
    (1 In1.Cu signal hide)
    (2 In2.Cu signal hide)
    (31 B.Cu signal hide)
    (33 F.Adhes user hide)
    (35 F.Paste user hide)
    (37 F.SilkS user)
    (38 B.Mask user)
    (39 F.Mask user)
    (40 Dwgs.User user)
    (41 Cmts.User user)
    (42 Eco1.User user)
    (43 Eco2.User user)
    (44 Edge.Cuts user)
    (45 Margin user)
    (46 B.CrtYd user hide)
    (47 F.CrtYd user hide)
    (49 F.Fab user hide)
  )

  (setup
    (last_trace_width 0.508)
    (user_trace_width 0.1524)
    (user_trace_width 0.2032)
    (user_trace_width 0.3048)
    (user_trace_width 0.508)
    (user_trace_width 0.762)
    (user_trace_width 1.016)
    (user_trace_width 1.27)
    (trace_clearance 0.1524)
    (zone_clearance 0.254)
    (zone_45_only no)
    (trace_min 0.1524)
    (segment_width 0.2)
    (edge_width 0.05)
    (via_size 0.508)
    (via_drill 0.254)
    (via_min_size 0.508)
    (via_min_drill 0.254)
    (uvia_size 0.508)
    (uvia_drill 0.254)
    (uvias_allowed no)
    (uvia_min_size 0.2)
    (uvia_min_drill 0.1)
    (pcb_text_width 0.3)
    (pcb_text_size 1.5 1.5)
    (mod_edge_width 0.15)
    (mod_text_size 1 1)
    (mod_text_width 0.15)
    (pad_size 1.524 1.524)
    (pad_drill 0.762)
    (pad_to_mask_clearance 0.0508)
    (solder_mask_min_width 0.101)
    (aux_axis_origin 0 0)
    (visible_elements FFFDFF7F)
    (pcbplotparams
      (layerselection 0x010e8_ffffffff)
      (usegerberextensions false)
      (usegerberattributes false)
      (usegerberadvancedattributes false)
      (creategerberjobfile false)
      (excludeedgelayer true)
      (linewidth 0.100000)
      (plotframeref false)
      (viasonmask false)
      (mode 1)
      (useauxorigin false)
      (hpglpennumber 1)
      (hpglpenspeed 20)
      (hpglpendiameter 15.000000)
      (psnegative false)
      (psa4output false)
      (plotreference true)
      (plotvalue false)
      (plotinvisibletext false)
      (padsonsilk false)
      (subtractmaskfromsilk false)
      (outputformat 1)
      (mirror false)
      (drillshape 0)
      (scaleselection 1)
      (outputdirectory "/home/hugh/Dropbox/PSAS/PSAS_repos/newGPS/oresat-gps-hardware/MicroSemi_FPGA_Dev_Board/kicad_board_design/A3P250_Dev_Board/design_files/"))
  )

  (net 0 "")
  (net 1 GND)
  (net 2 "Net-(C4-Pad1)")
  (net 3 "Net-(C10-Pad1)")
  (net 4 "Net-(C9-Pad2)")
  (net 5 +5V)
  (net 6 "Net-(L1-Pad1)")
  (net 7 "Net-(C11-Pad1)")
  (net 8 "Net-(R2-Pad2)")
  (net 9 "Net-(R3-Pad2)")

  (net_class Default "This is the default net class."
    (clearance 0.1524)
    (trace_width 0.1524)
    (via_dia 0.508)
    (via_drill 0.254)
    (uvia_dia 0.508)
    (uvia_drill 0.254)
    (add_net +5V)
    (add_net GND)
    (add_net "Net-(C10-Pad1)")
    (add_net "Net-(C11-Pad1)")
    (add_net "Net-(C4-Pad1)")
    (add_net "Net-(C9-Pad2)")
    (add_net "Net-(L1-Pad1)")
    (add_net "Net-(R2-Pad2)")
    (add_net "Net-(R3-Pad2)")
  )

  (module TestPoint:TestPoint_THTPad_D1.0mm_Drill0.5mm (layer F.Cu) (tedit 5DD38F22) (tstamp 5DDD21E9)
    (at 78.75 84.25)
    (descr "THT pad as test Point, diameter 1.0mm, hole diameter 0.5mm")
    (tags "test point THT pad")
    (path /5DC7725E/5DD257FC)
    (attr virtual)
    (fp_text reference GND (at -0.0254 1.524) (layer F.SilkS)
      (effects (font (size 1 1) (thickness 0.15)))
    )
    (fp_text value GND (at 0 1.55) (layer F.Fab)
      (effects (font (size 1 1) (thickness 0.15)))
    )
    (fp_circle (center 0 0) (end 0 0.7) (layer F.SilkS) (width 0.12))
    (fp_circle (center 0 0) (end 1 0) (layer F.CrtYd) (width 0.05))
    (fp_text user %R (at 0 -1.45) (layer F.Fab)
      (effects (font (size 1 1) (thickness 0.15)))
    )
    (pad 1 thru_hole circle (at 0 0) (size 1 1) (drill 0.5) (layers *.Cu *.Mask)
      (net 1 GND))
  )

  (module TestPoint:TestPoint_THTPad_D1.0mm_Drill0.5mm (layer F.Cu) (tedit 5DD8C6FA) (tstamp 5DDD1BDB)
    (at 95.5 79.75)
    (descr "THT pad as test Point, diameter 1.0mm, hole diameter 0.5mm")
    (tags "test point THT pad")
    (path /5DD3E74F)
    (attr virtual)
    (fp_text reference VCore (at 0 -1.448) (layer F.SilkS)
      (effects (font (size 1 1) (thickness 0.15)))
    )
    (fp_text value "1.5V Core" (at 0 1.55) (layer F.Fab)
      (effects (font (size 1 1) (thickness 0.15)))
    )
    (fp_text user %R (at 0 -1.45) (layer F.Fab)
      (effects (font (size 1 1) (thickness 0.15)))
    )
    (fp_circle (center 0 0) (end 1 0) (layer F.CrtYd) (width 0.05))
    (fp_circle (center 0 0) (end 0 0.7) (layer F.SilkS) (width 0.12))
    (pad 1 thru_hole circle (at 0 0) (size 1 1) (drill 0.5) (layers *.Cu *.Mask)
      (net 3 "Net-(C10-Pad1)"))
  )

  (module TestPoint:TestPoint_THTPad_D1.0mm_Drill0.5mm (layer F.Cu) (tedit 5DD8C6ED) (tstamp 5DDD1BE3)
    (at 96.5 87.75)
    (descr "THT pad as test Point, diameter 1.0mm, hole diameter 0.5mm")
    (tags "test point THT pad")
    (path /5DD451A3)
    (attr virtual)
    (fp_text reference VPLL (at 0 -1.448) (layer F.SilkS)
      (effects (font (size 1 1) (thickness 0.15)))
    )
    (fp_text value "1.5V PLL" (at 0 1.55) (layer F.Fab)
      (effects (font (size 1 1) (thickness 0.15)))
    )
    (fp_circle (center 0 0) (end 0 0.7) (layer F.SilkS) (width 0.12))
    (fp_circle (center 0 0) (end 1 0) (layer F.CrtYd) (width 0.05))
    (fp_text user %R (at 0 -1.45) (layer F.Fab)
      (effects (font (size 1 1) (thickness 0.15)))
    )
    (pad 1 thru_hole circle (at 0 0) (size 1 1) (drill 0.5) (layers *.Cu *.Mask)
      (net 7 "Net-(C11-Pad1)"))
  )

  (module Capacitor_SMD:C_0603_1608Metric (layer F.Cu) (tedit 5DD18DED) (tstamp 5DD59826)
    (at 87.141 90.493 90)
    (descr "Capacitor SMD 0603 (1608 Metric), square (rectangular) end terminal, IPC_7351 nominal, (Body size source: http://www.tortai-tech.com/upload/download/2011102023233369053.pdf), generated with kicad-footprint-generator")
    (tags capacitor)
    (path /5DCA757A)
    (attr smd)
    (fp_text reference C4 (at -2.0828 0.4064 180) (layer F.SilkS)
      (effects (font (size 0.6 0.6) (thickness 0.1)))
    )
    (fp_text value 680pF (at 0 1.43 90) (layer F.Fab)
      (effects (font (size 1 1) (thickness 0.15)))
    )
    (fp_line (start -0.8 0.4) (end -0.8 -0.4) (layer F.Fab) (width 0.1))
    (fp_line (start -0.8 -0.4) (end 0.8 -0.4) (layer F.Fab) (width 0.1))
    (fp_line (start 0.8 -0.4) (end 0.8 0.4) (layer F.Fab) (width 0.1))
    (fp_line (start 0.8 0.4) (end -0.8 0.4) (layer F.Fab) (width 0.1))
    (fp_line (start -0.162779 -0.51) (end 0.162779 -0.51) (layer F.SilkS) (width 0.12))
    (fp_line (start -0.162779 0.51) (end 0.162779 0.51) (layer F.SilkS) (width 0.12))
    (fp_line (start -1.48 0.73) (end -1.48 -0.73) (layer F.CrtYd) (width 0.05))
    (fp_line (start -1.48 -0.73) (end 1.48 -0.73) (layer F.CrtYd) (width 0.05))
    (fp_line (start 1.48 -0.73) (end 1.48 0.73) (layer F.CrtYd) (width 0.05))
    (fp_line (start 1.48 0.73) (end -1.48 0.73) (layer F.CrtYd) (width 0.05))
    (fp_text user %R (at 0 0 90) (layer F.Fab)
      (effects (font (size 0.4 0.4) (thickness 0.06)))
    )
    (pad 1 smd roundrect (at -0.7875 0 90) (size 0.875 0.95) (layers F.Cu F.Paste F.Mask) (roundrect_rratio 0.25)
      (net 2 "Net-(C4-Pad1)"))
    (pad 2 smd roundrect (at 0.7875 0 90) (size 0.875 0.95) (layers F.Cu F.Paste F.Mask) (roundrect_rratio 0.25)
      (net 1 GND))
    (model ${KISYS3DMOD}/Capacitor_SMD.3dshapes/C_0603_1608Metric.wrl
      (at (xyz 0 0 0))
      (scale (xyz 1 1 1))
      (rotate (xyz 0 0 0))
    )
  )

  (module Capacitor_SMD:C_0603_1608Metric (layer F.Cu) (tedit 5DD18D5B) (tstamp 5DD59837)
    (at 84.22 90.493 90)
    (descr "Capacitor SMD 0603 (1608 Metric), square (rectangular) end terminal, IPC_7351 nominal, (Body size source: http://www.tortai-tech.com/upload/download/2011102023233369053.pdf), generated with kicad-footprint-generator")
    (tags capacitor)
    (path /5DCA3E29)
    (attr smd)
    (fp_text reference C9 (at -0.3302 -1.651 180) (layer F.SilkS)
      (effects (font (size 0.6 0.6) (thickness 0.1)))
    )
    (fp_text value 22pF (at 0 1.43 90) (layer F.Fab)
      (effects (font (size 1 1) (thickness 0.15)))
    )
    (fp_text user %R (at 0 0 90) (layer F.Fab)
      (effects (font (size 0.4 0.4) (thickness 0.06)))
    )
    (fp_line (start 1.48 0.73) (end -1.48 0.73) (layer F.CrtYd) (width 0.05))
    (fp_line (start 1.48 -0.73) (end 1.48 0.73) (layer F.CrtYd) (width 0.05))
    (fp_line (start -1.48 -0.73) (end 1.48 -0.73) (layer F.CrtYd) (width 0.05))
    (fp_line (start -1.48 0.73) (end -1.48 -0.73) (layer F.CrtYd) (width 0.05))
    (fp_line (start -0.162779 0.51) (end 0.162779 0.51) (layer F.SilkS) (width 0.12))
    (fp_line (start -0.162779 -0.51) (end 0.162779 -0.51) (layer F.SilkS) (width 0.12))
    (fp_line (start 0.8 0.4) (end -0.8 0.4) (layer F.Fab) (width 0.1))
    (fp_line (start 0.8 -0.4) (end 0.8 0.4) (layer F.Fab) (width 0.1))
    (fp_line (start -0.8 -0.4) (end 0.8 -0.4) (layer F.Fab) (width 0.1))
    (fp_line (start -0.8 0.4) (end -0.8 -0.4) (layer F.Fab) (width 0.1))
    (pad 2 smd roundrect (at 0.7875 0 90) (size 0.875 0.95) (layers F.Cu F.Paste F.Mask) (roundrect_rratio 0.25)
      (net 4 "Net-(C9-Pad2)"))
    (pad 1 smd roundrect (at -0.7875 0 90) (size 0.875 0.95) (layers F.Cu F.Paste F.Mask) (roundrect_rratio 0.25)
      (net 3 "Net-(C10-Pad1)"))
    (model ${KISYS3DMOD}/Capacitor_SMD.3dshapes/C_0603_1608Metric.wrl
      (at (xyz 0 0 0))
      (scale (xyz 1 1 1))
      (rotate (xyz 0 0 0))
    )
  )

  (module Inductor_SMD:L_Wuerth_MAPI-2512 (layer F.Cu) (tedit 5DD18DD3) (tstamp 5DD59936)
    (at 90.824 85.921 90)
    (descr "Inductor, Wuerth Elektronik, Wuerth_MAPI-2512, 2.5mmx2.0mm")
    (tags "inductor Wuerth smd")
    (path /5DCA3C29)
    (attr smd)
    (fp_text reference L1 (at 2.0574 0.7112 180) (layer F.SilkS)
      (effects (font (size 0.6 0.6) (thickness 0.1)))
    )
    (fp_text value 2.2uH (at 0 2.65 90) (layer F.Fab)
      (effects (font (size 1 1) (thickness 0.15)))
    )
    (fp_line (start -0.35 1.1) (end 0.35 1.1) (layer F.SilkS) (width 0.12))
    (fp_line (start -0.35 -1.1) (end 0.35 -1.1) (layer F.SilkS) (width 0.12))
    (fp_line (start 1.75 -1.5) (end -1.75 -1.5) (layer F.CrtYd) (width 0.05))
    (fp_line (start 1.75 1.5) (end 1.75 -1.5) (layer F.CrtYd) (width 0.05))
    (fp_line (start -1.75 1.5) (end 1.75 1.5) (layer F.CrtYd) (width 0.05))
    (fp_line (start -1.75 -1.5) (end -1.75 1.5) (layer F.CrtYd) (width 0.05))
    (fp_line (start 1.25 -1) (end -1.25 -1) (layer F.Fab) (width 0.1))
    (fp_line (start 1.25 1) (end 1.25 -1) (layer F.Fab) (width 0.1))
    (fp_line (start -1.25 1) (end 1.25 1) (layer F.Fab) (width 0.1))
    (fp_line (start -1.25 -1) (end -1.25 1) (layer F.Fab) (width 0.1))
    (fp_text user %R (at 0 0 90) (layer F.Fab)
      (effects (font (size 0.6 0.6) (thickness 0.09)))
    )
    (pad 2 smd rect (at 0.975 0 90) (size 0.85 2.3) (layers F.Cu F.Paste F.Mask)
      (net 3 "Net-(C10-Pad1)"))
    (pad 1 smd rect (at -0.975 0 90) (size 0.85 2.3) (layers F.Cu F.Paste F.Mask)
      (net 6 "Net-(L1-Pad1)"))
    (model ${KISYS3DMOD}/Inductor_SMD.3dshapes/L_Wuerth_MAPI-2512.wrl
      (at (xyz 0 0 0))
      (scale (xyz 1 1 1))
      (rotate (xyz 0 0 0))
    )
  )

  (module Inductor_SMD:L_1206_3216Metric (layer F.Cu) (tedit 5DD18DC6) (tstamp 5DD59947)
    (at 93.745 84.778 270)
    (descr "Inductor SMD 1206 (3216 Metric), square (rectangular) end terminal, IPC_7351 nominal, (Body size source: http://www.tortai-tech.com/upload/download/2011102023233369053.pdf), generated with kicad-footprint-generator")
    (tags inductor)
    (path /5DCAAFDF)
    (attr smd)
    (fp_text reference L2 (at 0.0762 -1.8796) (layer F.SilkS)
      (effects (font (size 0.6 0.6) (thickness 0.1)))
    )
    (fp_text value 6.8uH (at 0 1.82 270) (layer F.Fab)
      (effects (font (size 1 1) (thickness 0.15)))
    )
    (fp_text user %R (at 0 0 270) (layer F.Fab)
      (effects (font (size 0.8 0.8) (thickness 0.12)))
    )
    (fp_line (start 2.28 1.12) (end -2.28 1.12) (layer F.CrtYd) (width 0.05))
    (fp_line (start 2.28 -1.12) (end 2.28 1.12) (layer F.CrtYd) (width 0.05))
    (fp_line (start -2.28 -1.12) (end 2.28 -1.12) (layer F.CrtYd) (width 0.05))
    (fp_line (start -2.28 1.12) (end -2.28 -1.12) (layer F.CrtYd) (width 0.05))
    (fp_line (start -0.602064 0.91) (end 0.602064 0.91) (layer F.SilkS) (width 0.12))
    (fp_line (start -0.602064 -0.91) (end 0.602064 -0.91) (layer F.SilkS) (width 0.12))
    (fp_line (start 1.6 0.8) (end -1.6 0.8) (layer F.Fab) (width 0.1))
    (fp_line (start 1.6 -0.8) (end 1.6 0.8) (layer F.Fab) (width 0.1))
    (fp_line (start -1.6 -0.8) (end 1.6 -0.8) (layer F.Fab) (width 0.1))
    (fp_line (start -1.6 0.8) (end -1.6 -0.8) (layer F.Fab) (width 0.1))
    (pad 2 smd roundrect (at 1.4 0 270) (size 1.25 1.75) (layers F.Cu F.Paste F.Mask) (roundrect_rratio 0.2)
      (net 7 "Net-(C11-Pad1)"))
    (pad 1 smd roundrect (at -1.4 0 270) (size 1.25 1.75) (layers F.Cu F.Paste F.Mask) (roundrect_rratio 0.2)
      (net 3 "Net-(C10-Pad1)"))
    (model ${KISYS3DMOD}/Inductor_SMD.3dshapes/L_1206_3216Metric.wrl
      (at (xyz 0 0 0))
      (scale (xyz 1 1 1))
      (rotate (xyz 0 0 0))
    )
  )

  (module Resistor_SMD:R_0603_1608Metric (layer F.Cu) (tedit 5DD18DE5) (tstamp 5DD59969)
    (at 85.75 90.493 90)
    (descr "Resistor SMD 0603 (1608 Metric), square (rectangular) end terminal, IPC_7351 nominal, (Body size source: http://www.tortai-tech.com/upload/download/2011102023233369053.pdf), generated with kicad-footprint-generator")
    (tags resistor)
    (path /5DCA7506)
    (attr smd)
    (fp_text reference R2 (at -2.0828 -0.0762 180) (layer F.SilkS)
      (effects (font (size 0.6 0.6) (thickness 0.1)))
    )
    (fp_text value 16.9K (at 0 1.43 90) (layer F.Fab)
      (effects (font (size 1 1) (thickness 0.15)))
    )
    (fp_line (start -0.8 0.4) (end -0.8 -0.4) (layer F.Fab) (width 0.1))
    (fp_line (start -0.8 -0.4) (end 0.8 -0.4) (layer F.Fab) (width 0.1))
    (fp_line (start 0.8 -0.4) (end 0.8 0.4) (layer F.Fab) (width 0.1))
    (fp_line (start 0.8 0.4) (end -0.8 0.4) (layer F.Fab) (width 0.1))
    (fp_line (start -0.162779 -0.51) (end 0.162779 -0.51) (layer F.SilkS) (width 0.12))
    (fp_line (start -0.162779 0.51) (end 0.162779 0.51) (layer F.SilkS) (width 0.12))
    (fp_line (start -1.48 0.73) (end -1.48 -0.73) (layer F.CrtYd) (width 0.05))
    (fp_line (start -1.48 -0.73) (end 1.48 -0.73) (layer F.CrtYd) (width 0.05))
    (fp_line (start 1.48 -0.73) (end 1.48 0.73) (layer F.CrtYd) (width 0.05))
    (fp_line (start 1.48 0.73) (end -1.48 0.73) (layer F.CrtYd) (width 0.05))
    (fp_text user %R (at 0 0 90) (layer F.Fab)
      (effects (font (size 0.4 0.4) (thickness 0.06)))
    )
    (pad 1 smd roundrect (at -0.7875 0 90) (size 0.875 0.95) (layers F.Cu F.Paste F.Mask) (roundrect_rratio 0.25)
      (net 2 "Net-(C4-Pad1)"))
    (pad 2 smd roundrect (at 0.7875 0 90) (size 0.875 0.95) (layers F.Cu F.Paste F.Mask) (roundrect_rratio 0.25)
      (net 8 "Net-(R2-Pad2)"))
    (model ${KISYS3DMOD}/Resistor_SMD.3dshapes/R_0603_1608Metric.wrl
      (at (xyz 0 0 0))
      (scale (xyz 1 1 1))
      (rotate (xyz 0 0 0))
    )
  )

  (module Resistor_SMD:R_0603_1608Metric (layer F.Cu) (tedit 5DD18DF6) (tstamp 5DD5997A)
    (at 88.665 90.493 90)
    (descr "Resistor SMD 0603 (1608 Metric), square (rectangular) end terminal, IPC_7351 nominal, (Body size source: http://www.tortai-tech.com/upload/download/2011102023233369053.pdf), generated with kicad-footprint-generator")
    (tags resistor)
    (path /5DCA6B08)
    (attr smd)
    (fp_text reference R3 (at -2.032 0.5842 180) (layer F.SilkS)
      (effects (font (size 0.6 0.6) (thickness 0.1)))
    )
    (fp_text value 549K (at 0 1.43 90) (layer F.Fab)
      (effects (font (size 1 1) (thickness 0.15)))
    )
    (fp_text user %R (at 0 0 90) (layer F.Fab)
      (effects (font (size 0.4 0.4) (thickness 0.06)))
    )
    (fp_line (start 1.48 0.73) (end -1.48 0.73) (layer F.CrtYd) (width 0.05))
    (fp_line (start 1.48 -0.73) (end 1.48 0.73) (layer F.CrtYd) (width 0.05))
    (fp_line (start -1.48 -0.73) (end 1.48 -0.73) (layer F.CrtYd) (width 0.05))
    (fp_line (start -1.48 0.73) (end -1.48 -0.73) (layer F.CrtYd) (width 0.05))
    (fp_line (start -0.162779 0.51) (end 0.162779 0.51) (layer F.SilkS) (width 0.12))
    (fp_line (start -0.162779 -0.51) (end 0.162779 -0.51) (layer F.SilkS) (width 0.12))
    (fp_line (start 0.8 0.4) (end -0.8 0.4) (layer F.Fab) (width 0.1))
    (fp_line (start 0.8 -0.4) (end 0.8 0.4) (layer F.Fab) (width 0.1))
    (fp_line (start -0.8 -0.4) (end 0.8 -0.4) (layer F.Fab) (width 0.1))
    (fp_line (start -0.8 0.4) (end -0.8 -0.4) (layer F.Fab) (width 0.1))
    (pad 2 smd roundrect (at 0.7875 0 90) (size 0.875 0.95) (layers F.Cu F.Paste F.Mask) (roundrect_rratio 0.25)
      (net 9 "Net-(R3-Pad2)"))
    (pad 1 smd roundrect (at -0.7875 0 90) (size 0.875 0.95) (layers F.Cu F.Paste F.Mask) (roundrect_rratio 0.25)
      (net 1 GND))
    (model ${KISYS3DMOD}/Resistor_SMD.3dshapes/R_0603_1608Metric.wrl
      (at (xyz 0 0 0))
      (scale (xyz 1 1 1))
      (rotate (xyz 0 0 0))
    )
  )

  (module Resistor_SMD:R_0603_1608Metric (layer F.Cu) (tedit 5DD18D69) (tstamp 5DD5998B)
    (at 84.474 87.445 90)
    (descr "Resistor SMD 0603 (1608 Metric), square (rectangular) end terminal, IPC_7351 nominal, (Body size source: http://www.tortai-tech.com/upload/download/2011102023233369053.pdf), generated with kicad-footprint-generator")
    (tags resistor)
    (path /5DCA4525)
    (attr smd)
    (fp_text reference R4 (at 0.2032 -1.651 180) (layer F.SilkS)
      (effects (font (size 0.6 0.6) (thickness 0.1)))
    )
    (fp_text value 287K (at 0 1.43 90) (layer F.Fab)
      (effects (font (size 1 1) (thickness 0.15)))
    )
    (fp_line (start -0.8 0.4) (end -0.8 -0.4) (layer F.Fab) (width 0.1))
    (fp_line (start -0.8 -0.4) (end 0.8 -0.4) (layer F.Fab) (width 0.1))
    (fp_line (start 0.8 -0.4) (end 0.8 0.4) (layer F.Fab) (width 0.1))
    (fp_line (start 0.8 0.4) (end -0.8 0.4) (layer F.Fab) (width 0.1))
    (fp_line (start -0.162779 -0.51) (end 0.162779 -0.51) (layer F.SilkS) (width 0.12))
    (fp_line (start -0.162779 0.51) (end 0.162779 0.51) (layer F.SilkS) (width 0.12))
    (fp_line (start -1.48 0.73) (end -1.48 -0.73) (layer F.CrtYd) (width 0.05))
    (fp_line (start -1.48 -0.73) (end 1.48 -0.73) (layer F.CrtYd) (width 0.05))
    (fp_line (start 1.48 -0.73) (end 1.48 0.73) (layer F.CrtYd) (width 0.05))
    (fp_line (start 1.48 0.73) (end -1.48 0.73) (layer F.CrtYd) (width 0.05))
    (fp_text user %R (at 0 0 90) (layer F.Fab)
      (effects (font (size 0.4 0.4) (thickness 0.06)))
    )
    (pad 1 smd roundrect (at -0.7875 0 90) (size 0.875 0.95) (layers F.Cu F.Paste F.Mask) (roundrect_rratio 0.25)
      (net 1 GND))
    (pad 2 smd roundrect (at 0.7875 0 90) (size 0.875 0.95) (layers F.Cu F.Paste F.Mask) (roundrect_rratio 0.25)
      (net 4 "Net-(C9-Pad2)"))
    (model ${KISYS3DMOD}/Resistor_SMD.3dshapes/R_0603_1608Metric.wrl
      (at (xyz 0 0 0))
      (scale (xyz 1 1 1))
      (rotate (xyz 0 0 0))
    )
  )

  (module Resistor_SMD:R_0603_1608Metric (layer F.Cu) (tedit 5DD18D7F) (tstamp 5DD5999C)
    (at 84.22 84.524 270)
    (descr "Resistor SMD 0603 (1608 Metric), square (rectangular) end terminal, IPC_7351 nominal, (Body size source: http://www.tortai-tech.com/upload/download/2011102023233369053.pdf), generated with kicad-footprint-generator")
    (tags resistor)
    (path /5DCA3D26)
    (attr smd)
    (fp_text reference R5 (at -1.9304 0) (layer F.SilkS)
      (effects (font (size 0.6 0.6) (thickness 0.1)))
    )
    (fp_text value 249K (at 0 1.43 270) (layer F.Fab)
      (effects (font (size 1 1) (thickness 0.15)))
    )
    (fp_text user %R (at 0 0 270) (layer F.Fab)
      (effects (font (size 0.4 0.4) (thickness 0.06)))
    )
    (fp_line (start 1.48 0.73) (end -1.48 0.73) (layer F.CrtYd) (width 0.05))
    (fp_line (start 1.48 -0.73) (end 1.48 0.73) (layer F.CrtYd) (width 0.05))
    (fp_line (start -1.48 -0.73) (end 1.48 -0.73) (layer F.CrtYd) (width 0.05))
    (fp_line (start -1.48 0.73) (end -1.48 -0.73) (layer F.CrtYd) (width 0.05))
    (fp_line (start -0.162779 0.51) (end 0.162779 0.51) (layer F.SilkS) (width 0.12))
    (fp_line (start -0.162779 -0.51) (end 0.162779 -0.51) (layer F.SilkS) (width 0.12))
    (fp_line (start 0.8 0.4) (end -0.8 0.4) (layer F.Fab) (width 0.1))
    (fp_line (start 0.8 -0.4) (end 0.8 0.4) (layer F.Fab) (width 0.1))
    (fp_line (start -0.8 -0.4) (end 0.8 -0.4) (layer F.Fab) (width 0.1))
    (fp_line (start -0.8 0.4) (end -0.8 -0.4) (layer F.Fab) (width 0.1))
    (pad 2 smd roundrect (at 0.7875 0 270) (size 0.875 0.95) (layers F.Cu F.Paste F.Mask) (roundrect_rratio 0.25)
      (net 4 "Net-(C9-Pad2)"))
    (pad 1 smd roundrect (at -0.7875 0 270) (size 0.875 0.95) (layers F.Cu F.Paste F.Mask) (roundrect_rratio 0.25)
      (net 3 "Net-(C10-Pad1)"))
    (model ${KISYS3DMOD}/Resistor_SMD.3dshapes/R_0603_1608Metric.wrl
      (at (xyz 0 0 0))
      (scale (xyz 1 1 1))
      (rotate (xyz 0 0 0))
    )
  )

  (module Package_DFN_QFN:DFN-8-1EP_3x3mm_P0.5mm_EP1.66x2.38mm (layer F.Cu) (tedit 5DD18DDC) (tstamp 5DD599CA)
    (at 87.268 87.191 180)
    (descr "DD Package; 8-Lead Plastic DFN (3mm x 3mm) (see Linear Technology DFN_8_05-08-1698.pdf)")
    (tags "DFN 0.5")
    (path /5DEADE9F)
    (attr smd)
    (fp_text reference U2 (at -2.4892 -1.2954 180) (layer F.SilkS)
      (effects (font (size 0.6 0.6) (thickness 0.1)))
    )
    (fp_text value LTC3561A (at 0 2.55 180) (layer F.Fab)
      (effects (font (size 1 1) (thickness 0.15)))
    )
    (fp_line (start -1.825 -1.625) (end 1.05 -1.625) (layer F.SilkS) (width 0.15))
    (fp_line (start -1.05 1.625) (end 1.05 1.625) (layer F.SilkS) (width 0.15))
    (fp_line (start -2 1.8) (end 2 1.8) (layer F.CrtYd) (width 0.05))
    (fp_line (start -2 -1.8) (end 2 -1.8) (layer F.CrtYd) (width 0.05))
    (fp_line (start 2 -1.8) (end 2 1.8) (layer F.CrtYd) (width 0.05))
    (fp_line (start -2 -1.8) (end -2 1.8) (layer F.CrtYd) (width 0.05))
    (fp_line (start -1.5 -0.5) (end -0.5 -1.5) (layer F.Fab) (width 0.15))
    (fp_line (start -1.5 1.5) (end -1.5 -0.5) (layer F.Fab) (width 0.15))
    (fp_line (start 1.5 1.5) (end -1.5 1.5) (layer F.Fab) (width 0.15))
    (fp_line (start 1.5 -1.5) (end 1.5 1.5) (layer F.Fab) (width 0.15))
    (fp_line (start -0.5 -1.5) (end 1.5 -1.5) (layer F.Fab) (width 0.15))
    (fp_text user %R (at 0 0 180) (layer F.Fab)
      (effects (font (size 0.7 0.7) (thickness 0.105)))
    )
    (pad "" smd rect (at -0.415 -0.595 180) (size 0.64 1) (layers F.Paste))
    (pad "" smd rect (at 0.415 -0.595 180) (size 0.64 1) (layers F.Paste))
    (pad "" smd rect (at -0.415 0.595 180) (size 0.64 1) (layers F.Paste))
    (pad 9 smd rect (at 0 0 180) (size 1.66 2.38) (layers F.Cu F.Mask)
      (net 1 GND))
    (pad "" smd rect (at 0.415 0.595 180) (size 0.64 1) (layers F.Paste))
    (pad 8 smd rect (at 1.4 -0.75 180) (size 0.7 0.25) (layers F.Cu F.Paste F.Mask)
      (net 8 "Net-(R2-Pad2)"))
    (pad 7 smd rect (at 1.4 -0.25 180) (size 0.7 0.25) (layers F.Cu F.Paste F.Mask)
      (net 4 "Net-(C9-Pad2)"))
    (pad 6 smd rect (at 1.4 0.25 180) (size 0.7 0.25) (layers F.Cu F.Paste F.Mask)
      (net 5 +5V))
    (pad 5 smd rect (at 1.4 0.75 180) (size 0.7 0.25) (layers F.Cu F.Paste F.Mask)
      (net 5 +5V))
    (pad 4 smd rect (at -1.4 0.75 180) (size 0.7 0.25) (layers F.Cu F.Paste F.Mask)
      (net 1 GND))
    (pad 3 smd rect (at -1.4 0.25 180) (size 0.7 0.25) (layers F.Cu F.Paste F.Mask)
      (net 6 "Net-(L1-Pad1)"))
    (pad 2 smd rect (at -1.4 -0.25 180) (size 0.7 0.25) (layers F.Cu F.Paste F.Mask)
      (net 1 GND))
    (pad 1 smd rect (at -1.4 -0.75 180) (size 0.7 0.25) (layers F.Cu F.Paste F.Mask)
      (net 9 "Net-(R3-Pad2)"))
    (model ${KISYS3DMOD}/Package_DFN_QFN.3dshapes/DFN-8-1EP_3x3mm_P0.5mm_EP1.66x2.38mm.wrl
      (at (xyz 0 0 0))
      (scale (xyz 1 1 1))
      (rotate (xyz 0 0 0))
    )
  )

  (module Capacitor_SMD:C_1210_3225Metric (layer F.Cu) (tedit 5DD18DB4) (tstamp 5DC926C6)
    (at 87.268 84.016)
    (descr "Capacitor SMD 1210 (3225 Metric), square (rectangular) end terminal, IPC_7351 nominal, (Body size source: http://www.tortai-tech.com/upload/download/2011102023233369053.pdf), generated with kicad-footprint-generator")
    (tags capacitor)
    (path /5DCA3837)
    (attr smd)
    (fp_text reference C6 (at 0 -2.28) (layer F.SilkS)
      (effects (font (size 0.6 0.6) (thickness 0.1)))
    )
    (fp_text value 22uF (at 0 -3.81) (layer F.Fab)
      (effects (font (size 1 1) (thickness 0.15)))
    )
    (fp_text user %R (at 0 0) (layer F.Fab)
      (effects (font (size 0.8 0.8) (thickness 0.12)))
    )
    (fp_line (start 2.28 1.58) (end -2.28 1.58) (layer F.CrtYd) (width 0.05))
    (fp_line (start 2.28 -1.58) (end 2.28 1.58) (layer F.CrtYd) (width 0.05))
    (fp_line (start -2.28 -1.58) (end 2.28 -1.58) (layer F.CrtYd) (width 0.05))
    (fp_line (start -2.28 1.58) (end -2.28 -1.58) (layer F.CrtYd) (width 0.05))
    (fp_line (start -0.602064 1.36) (end 0.602064 1.36) (layer F.SilkS) (width 0.12))
    (fp_line (start -0.602064 -1.36) (end 0.602064 -1.36) (layer F.SilkS) (width 0.12))
    (fp_line (start 1.6 1.25) (end -1.6 1.25) (layer F.Fab) (width 0.1))
    (fp_line (start 1.6 -1.25) (end 1.6 1.25) (layer F.Fab) (width 0.1))
    (fp_line (start -1.6 -1.25) (end 1.6 -1.25) (layer F.Fab) (width 0.1))
    (fp_line (start -1.6 1.25) (end -1.6 -1.25) (layer F.Fab) (width 0.1))
    (pad 2 smd roundrect (at 1.4 0) (size 1.25 2.65) (layers F.Cu F.Paste F.Mask) (roundrect_rratio 0.2)
      (net 1 GND))
    (pad 1 smd roundrect (at -1.4 0) (size 1.25 2.65) (layers F.Cu F.Paste F.Mask) (roundrect_rratio 0.2)
      (net 5 +5V))
    (model ${KISYS3DMOD}/Capacitor_SMD.3dshapes/C_1210_3225Metric.wrl
      (at (xyz 0 0 0))
      (scale (xyz 1 1 1))
      (rotate (xyz 0 0 0))
    )
  )

  (module Capacitor_SMD:C_0603_1608Metric (layer F.Cu) (tedit 5DD18DBD) (tstamp 5DC926F9)
    (at 90.189 82.873 90)
    (descr "Capacitor SMD 0603 (1608 Metric), square (rectangular) end terminal, IPC_7351 nominal, (Body size source: http://www.tortai-tech.com/upload/download/2011102023233369053.pdf), generated with kicad-footprint-generator")
    (tags capacitor)
    (path /5DCA3B25)
    (attr smd)
    (fp_text reference C10 (at 2.0574 0.6096 180) (layer F.SilkS)
      (effects (font (size 0.6 0.6) (thickness 0.1)))
    )
    (fp_text value 10uF (at 0 1.43 90) (layer F.Fab)
      (effects (font (size 1 1) (thickness 0.15)))
    )
    (fp_text user %R (at 0 0 90) (layer F.Fab)
      (effects (font (size 0.4 0.4) (thickness 0.06)))
    )
    (fp_line (start 1.48 0.73) (end -1.48 0.73) (layer F.CrtYd) (width 0.05))
    (fp_line (start 1.48 -0.73) (end 1.48 0.73) (layer F.CrtYd) (width 0.05))
    (fp_line (start -1.48 -0.73) (end 1.48 -0.73) (layer F.CrtYd) (width 0.05))
    (fp_line (start -1.48 0.73) (end -1.48 -0.73) (layer F.CrtYd) (width 0.05))
    (fp_line (start -0.162779 0.51) (end 0.162779 0.51) (layer F.SilkS) (width 0.12))
    (fp_line (start -0.162779 -0.51) (end 0.162779 -0.51) (layer F.SilkS) (width 0.12))
    (fp_line (start 0.8 0.4) (end -0.8 0.4) (layer F.Fab) (width 0.1))
    (fp_line (start 0.8 -0.4) (end 0.8 0.4) (layer F.Fab) (width 0.1))
    (fp_line (start -0.8 -0.4) (end 0.8 -0.4) (layer F.Fab) (width 0.1))
    (fp_line (start -0.8 0.4) (end -0.8 -0.4) (layer F.Fab) (width 0.1))
    (pad 2 smd roundrect (at 0.7875 0 90) (size 0.875 0.95) (layers F.Cu F.Paste F.Mask) (roundrect_rratio 0.25)
      (net 1 GND))
    (pad 1 smd roundrect (at -0.7875 0 90) (size 0.875 0.95) (layers F.Cu F.Paste F.Mask) (roundrect_rratio 0.25)
      (net 3 "Net-(C10-Pad1)"))
    (model ${KISYS3DMOD}/Capacitor_SMD.3dshapes/C_0603_1608Metric.wrl
      (at (xyz 0 0 0))
      (scale (xyz 1 1 1))
      (rotate (xyz 0 0 0))
    )
  )

  (module Capacitor_SMD:C_0603_1608Metric (layer F.Cu) (tedit 5DD18E00) (tstamp 5DC9270A)
    (at 93.872 88.461 270)
    (descr "Capacitor SMD 0603 (1608 Metric), square (rectangular) end terminal, IPC_7351 nominal, (Body size source: http://www.tortai-tech.com/upload/download/2011102023233369053.pdf), generated with kicad-footprint-generator")
    (tags capacitor)
    (path /5DD60577)
    (attr smd)
    (fp_text reference C11 (at 0.789 -1.878) (layer F.SilkS)
      (effects (font (size 0.6 0.6) (thickness 0.1)))
    )
    (fp_text value 10uF (at 0 1.43 270) (layer F.Fab)
      (effects (font (size 1 1) (thickness 0.15)))
    )
    (fp_line (start -0.8 0.4) (end -0.8 -0.4) (layer F.Fab) (width 0.1))
    (fp_line (start -0.8 -0.4) (end 0.8 -0.4) (layer F.Fab) (width 0.1))
    (fp_line (start 0.8 -0.4) (end 0.8 0.4) (layer F.Fab) (width 0.1))
    (fp_line (start 0.8 0.4) (end -0.8 0.4) (layer F.Fab) (width 0.1))
    (fp_line (start -0.162779 -0.51) (end 0.162779 -0.51) (layer F.SilkS) (width 0.12))
    (fp_line (start -0.162779 0.51) (end 0.162779 0.51) (layer F.SilkS) (width 0.12))
    (fp_line (start -1.48 0.73) (end -1.48 -0.73) (layer F.CrtYd) (width 0.05))
    (fp_line (start -1.48 -0.73) (end 1.48 -0.73) (layer F.CrtYd) (width 0.05))
    (fp_line (start 1.48 -0.73) (end 1.48 0.73) (layer F.CrtYd) (width 0.05))
    (fp_line (start 1.48 0.73) (end -1.48 0.73) (layer F.CrtYd) (width 0.05))
    (fp_text user %R (at 0 0 270) (layer F.Fab)
      (effects (font (size 0.4 0.4) (thickness 0.06)))
    )
    (pad 1 smd roundrect (at -0.7875 0 270) (size 0.875 0.95) (layers F.Cu F.Paste F.Mask) (roundrect_rratio 0.25)
      (net 7 "Net-(C11-Pad1)"))
    (pad 2 smd roundrect (at 0.7875 0 270) (size 0.875 0.95) (layers F.Cu F.Paste F.Mask) (roundrect_rratio 0.25)
      (net 1 GND))
    (model ${KISYS3DMOD}/Capacitor_SMD.3dshapes/C_0603_1608Metric.wrl
      (at (xyz 0 0 0))
      (scale (xyz 1 1 1))
      (rotate (xyz 0 0 0))
    )
  )

  (module TestPoint:TestPoint_THTPad_D1.0mm_Drill0.5mm (layer F.Cu) (tedit 5DD38F5B) (tstamp 5DDE5315)
    (at 82.1118 80.6378)
    (descr "THT pad as test Point, diameter 1.0mm, hole diameter 0.5mm")
    (tags "test point THT pad")
    (path /5DC7725E/5DD255AD)
    (attr virtual)
    (fp_text reference +5V (at 2.1844 0.1016) (layer F.SilkS)
      (effects (font (size 1 1) (thickness 0.15)))
    )
    (fp_text value +5V (at 0 1.55) (layer F.Fab)
      (effects (font (size 1 1) (thickness 0.15)))
    )
    (fp_circle (center 0 0) (end 0 0.7) (layer F.SilkS) (width 0.12))
    (fp_circle (center 0 0) (end 1 0) (layer F.CrtYd) (width 0.05))
    (fp_text user %R (at 0 -1.45) (layer F.Fab)
      (effects (font (size 1 1) (thickness 0.15)))
    )
    (pad 1 thru_hole circle (at 0 0) (size 1 1) (drill 0.5) (layers *.Cu *.Mask)
      (net 5 +5V))
  )

  (module TestPoint:TestPoint_THTPad_D1.0mm_Drill0.5mm (layer F.Cu) (tedit 5DD38F22) (tstamp 5DDE531D)
    (at 81.9848 84.2192)
    (descr "THT pad as test Point, diameter 1.0mm, hole diameter 0.5mm")
    (tags "test point THT pad")
    (path /5DC7725E/5DD257FC)
    (attr virtual)
    (fp_text reference GND (at -0.0254 1.524) (layer F.SilkS)
      (effects (font (size 1 1) (thickness 0.15)))
    )
    (fp_text value GND (at 0 1.55) (layer F.Fab)
      (effects (font (size 1 1) (thickness 0.15)))
    )
    (fp_text user %R (at 0 -1.45) (layer F.Fab)
      (effects (font (size 1 1) (thickness 0.15)))
    )
    (fp_circle (center 0 0) (end 1 0) (layer F.CrtYd) (width 0.05))
    (fp_circle (center 0 0) (end 0 0.7) (layer F.SilkS) (width 0.12))
    (pad 1 thru_hole circle (at 0 0) (size 1 1) (drill 0.5) (layers *.Cu *.Mask)
      (net 1 GND))
  )

  (gr_line (start 98.25 75.25) (end 76 75.25) (layer Edge.Cuts) (width 0.05))
  (gr_line (start 98.5 93.25) (end 98.25 75.25) (layer Edge.Cuts) (width 0.05))
  (gr_line (start 76 93.25) (end 98.5 93.25) (layer Edge.Cuts) (width 0.05))
  (gr_line (start 76 75.25) (end 76 93.25) (layer Edge.Cuts) (width 0.05))

  (segment (start 87.943 84.016) (end 87.522 83.595) (width 0.508) (layer F.Cu) (net 1))
  (segment (start 88.668 84.016) (end 87.943 84.016) (width 0.508) (layer F.Cu) (net 1))
  (segment (start 87.943 84.016) (end 87.562 84.397) (width 0.508) (layer F.Cu) (net 1))
  (segment (start 88.668 83.6065) (end 90.189 82.0855) (width 0.508) (layer F.Cu) (net 1))
  (segment (start 88.668 84.016) (end 88.668 83.6065) (width 0.508) (layer F.Cu) (net 1))
  (segment (start 87.268 85.921) (end 86.887 85.54) (width 0.508) (layer F.Cu) (net 1))
  (segment (start 87.268 87.191) (end 87.268 85.921) (width 0.508) (layer F.Cu) (net 1))
  (segment (start 87.268 87.191) (end 87.268 88.207) (width 0.508) (layer F.Cu) (net 1))
  (segment (start 87.268 88.207) (end 87.903 88.842) (width 0.508) (layer F.Cu) (net 1))
  (segment (start 90.189 82.0855) (end 89.1985 82.0855) (width 0.508) (layer F.Cu) (net 1))
  (segment (start 89.1985 82.0855) (end 89.173 82.111) (width 0.508) (layer F.Cu) (net 1))
  (segment (start 88.668 82.616) (end 89.173 82.111) (width 0.508) (layer F.Cu) (net 1))
  (segment (start 88.668 84.016) (end 88.668 82.616) (width 0.508) (layer F.Cu) (net 1))
  (segment (start 90.189 82.0855) (end 90.189 82.111) (width 0.508) (layer F.Cu) (net 1))
  (segment (start 90.189 82.111) (end 90.824 82.746) (width 0.508) (layer F.Cu) (net 1))
  (segment (start 88.668 82.591) (end 88.894 82.365) (width 0.508) (layer F.Cu) (net 1))
  (segment (start 88.894 82.365) (end 89.554 82.365) (width 0.508) (layer F.Cu) (net 1))
  (segment (start 88.668 84.016) (end 88.668 82.591) (width 0.508) (layer F.Cu) (net 1))
  (segment (start 88.668 85.924) (end 88.665 85.921) (width 0.3048) (layer F.Cu) (net 1))
  (segment (start 92.278801 84.200801) (end 92.094 84.016) (width 0.3048) (layer F.Cu) (net 1))
  (segment (start 92.221 87.699) (end 92.278801 87.641199) (width 0.3048) (layer F.Cu) (net 1))
  (segment (start 92.278801 87.641199) (end 92.278801 84.200801) (width 0.3048) (layer F.Cu) (net 1))
  (segment (start 89.503358 87.699) (end 92.221 87.699) (width 0.3048) (layer F.Cu) (net 1))
  (segment (start 89.388948 87.610668) (end 89.415026 87.610668) (width 0.3048) (layer F.Cu) (net 1))
  (segment (start 89.415026 87.610668) (end 89.503358 87.699) (width 0.3048) (layer F.Cu) (net 1))
  (segment (start 89.21928 87.441) (end 89.388948 87.610668) (width 0.3048) (layer F.Cu) (net 1))
  (segment (start 88.668 87.441) (end 89.21928 87.441) (width 0.3048) (layer F.Cu) (net 1))
  (segment (start 88.665 91.2295) (end 87.141 89.7055) (width 0.3048) (layer F.Cu) (net 1))
  (segment (start 88.665 91.2805) (end 88.665 91.2295) (width 0.3048) (layer F.Cu) (net 1))
  (segment (start 88.665 91.2805) (end 88.8935 91.2805) (width 0.3048) (layer F.Cu) (net 1))
  (segment (start 88.8935 91.2805) (end 89.427 90.747) (width 0.3048) (layer F.Cu) (net 1))
  (segment (start 93.0085 89.2485) (end 92.983 89.223) (width 0.3048) (layer F.Cu) (net 1))
  (segment (start 93.872 89.2485) (end 93.0085 89.2485) (width 0.3048) (layer F.Cu) (net 1))
  (segment (start 94.7355 89.2485) (end 94.761 89.223) (width 0.3048) (layer F.Cu) (net 1))
  (segment (start 93.872 89.2485) (end 94.7355 89.2485) (width 0.3048) (layer F.Cu) (net 1))
  (segment (start 77.87 80.02) (end 79.081 80.02) (width 1.27) (layer F.Cu) (net 1))
  (segment (start 79.081 80.02) (end 79.14 80.079) (width 1.27) (layer F.Cu) (net 1))
  (segment (start 79.14 80.079) (end 80.156 80.079) (width 1.27) (layer F.Cu) (net 1))
  (segment (start 76.915406 80.02) (end 76.57341 80.02) (width 0.508) (layer F.Cu) (net 1))
  (segment (start 77.87 80.02) (end 76.915406 80.02) (width 0.508) (layer F.Cu) (net 1))
  (segment (start 87.141 91.2805) (end 85.617 91.2805) (width 0.3048) (layer F.Cu) (net 2))
  (segment (start 90.824 84.2955) (end 90.189 83.6605) (width 0.762) (layer F.Cu) (net 3))
  (segment (start 90.824 84.946) (end 90.824 84.2955) (width 0.762) (layer F.Cu) (net 3))
  (segment (start 90.189 83.6605) (end 90.7985 83.6605) (width 0.508) (layer F.Cu) (net 3))
  (segment (start 90.7985 83.6605) (end 91.078 83.381) (width 0.508) (layer F.Cu) (net 3))
  (segment (start 93.04929 82.68229) (end 93.745 83.378) (width 0.508) (layer F.Cu) (net 3))
  (segment (start 91.43721 83.381) (end 92.13592 82.68229) (width 0.508) (layer F.Cu) (net 3))
  (segment (start 91.078 83.381) (end 91.43721 83.381) (width 0.508) (layer F.Cu) (net 3))
  (segment (start 83.758388 84.198112) (end 84.22 83.7365) (width 0.3048) (layer F.Cu) (net 3))
  (segment (start 83.23698 84.71952) (end 83.758388 84.198112) (width 0.3048) (layer F.Cu) (net 3))
  (segment (start 83.23698 90.29748) (end 83.23698 84.71952) (width 0.3048) (layer F.Cu) (net 3))
  (segment (start 84.22 91.2805) (end 83.23698 90.29748) (width 0.3048) (layer F.Cu) (net 3))
  (via (at 84.22 82.746) (size 1.016) (drill 0.635) (layers F.Cu B.Cu) (net 3))
  (segment (start 84.22 83.7365) (end 84.22 82.746) (width 0.3048) (layer F.Cu) (net 3))
  (segment (start 93.491 83.124) (end 93.745 83.378) (width 0.3048) (layer F.Cu) (net 3))
  (segment (start 92.475 82.3396) (end 92.7036 82.111) (width 0.3048) (layer F.Cu) (net 3))
  (segment (start 92.475 82.68229) (end 92.475 82.3396) (width 0.3048) (layer F.Cu) (net 3))
  (segment (start 92.13592 82.68229) (end 92.475 82.68229) (width 0.508) (layer F.Cu) (net 3))
  (segment (start 92.475 82.68229) (end 93.04929 82.68229) (width 0.508) (layer F.Cu) (net 3))
  (segment (start 85.2575 87.441) (end 84.474 86.6575) (width 0.3048) (layer F.Cu) (net 4))
  (segment (start 85.868 87.441) (end 85.2575 87.441) (width 0.3048) (layer F.Cu) (net 4))
  (segment (start 84.474 86.6575) (end 84.474 86.12) (width 0.3048) (layer F.Cu) (net 4))
  (segment (start 84.22 85.866) (end 84.22 85.3115) (width 0.3048) (layer F.Cu) (net 4))
  (segment (start 84.474 86.12) (end 84.22 85.866) (width 0.3048) (layer F.Cu) (net 4))
  (segment (start 84.012388 87.119112) (end 84.474 86.6575) (width 0.3048) (layer F.Cu) (net 4))
  (segment (start 83.69419 87.43731) (end 84.012388 87.119112) (width 0.3048) (layer F.Cu) (net 4))
  (segment (start 83.69419 89.17969) (end 83.69419 87.43731) (width 0.3048) (layer F.Cu) (net 4))
  (segment (start 84.22 89.7055) (end 83.69419 89.17969) (width 0.3048) (layer F.Cu) (net 4))
  (segment (start 86.544999 76.694999) (end 85.87 76.02) (width 0.3048) (layer F.Cu) (net 1))
  (segment (start 90.437 80.587) (end 86.544999 76.694999) (width 0.3048) (layer F.Cu) (net 1))
  (segment (start 93.5418 80.587) (end 90.437 80.587) (width 0.3048) (layer F.Cu) (net 1))
  (segment (start 84.474 88.77) (end 85 89.296) (width 0.2032) (layer F.Cu) (net 1))
  (segment (start 84.474 88.2325) (end 84.474 88.77) (width 0.2032) (layer F.Cu) (net 1))
  (segment (start 85 90.099086) (end 85.400914 90.5) (width 0.2032) (layer F.Cu) (net 1))
  (segment (start 85 89.296) (end 85 90.099086) (width 0.2032) (layer F.Cu) (net 1))
  (segment (start 86.3465 90.5) (end 87.141 89.7055) (width 0.2032) (layer F.Cu) (net 1))
  (segment (start 85.400914 90.5) (end 86.3465 90.5) (width 0.2032) (layer F.Cu) (net 1))
  (segment (start 88.668 85.441) (end 88.668 86.25) (width 0.508) (layer F.Cu) (net 1))
  (segment (start 88.668 86.441) (end 88.668 86.25) (width 0.3048) (layer F.Cu) (net 1))
  (segment (start 88.668 84.016) (end 88.668 85.441) (width 0.508) (layer F.Cu) (net 1))
  (segment (start 88.668 86.25) (end 88.668 85.924) (width 0.3048) (layer F.Cu) (net 1))
  (segment (start 78.7808 84.2192) (end 78.75 84.25) (width 0.508) (layer F.Cu) (net 1))
  (segment (start 81.9848 84.2192) (end 78.7808 84.2192) (width 0.508) (layer F.Cu) (net 1))
  (segment (start 93.745 81.505) (end 95.5 79.75) (width 0.508) (layer F.Cu) (net 3))
  (segment (start 93.745 83.378) (end 93.745 81.505) (width 0.508) (layer F.Cu) (net 3))
  (via (at 92.7036 82.111) (size 1.016) (drill 0.635) (layers F.Cu B.Cu) (net 3))
  (segment (start 85.868 86.941) (end 85.868 84.016) (width 0.3048) (layer F.Cu) (net 5))
  (segment (start 85.868 86.441) (end 85.868 84.016) (width 0.762) (layer F.Cu) (net 5))
